YYYYMMDD	HSI_CLOSE
20000103	17369.63
20000104	17072.82
20000105	15846.72
20000106	15153.23
20000107	15405.63
20000110	15848.15
20000111	15862.1
20000112	15714.2
20000113	15633.96
20000114	15542.23
20000117	15574.56
20000118	15789.2
20000119	15275.34
20000120	15215.31
20000121	15108.41
20000124	15167.55
20000125	15103.04
20000126	15427.72
20000127	15917.81
20000128	16185.94
20000131	15532.34
20000201	15653.86
20000202	15789.82
20000203	15968.12
20000208	16228.73
20000209	16819.46
20000210	16845.17
20000211	17380.3
20000214	17188.96
20000215	16688.16
20000216	17043.39
20000217	16981.23
20000218	16599.16
20000221	16322.37
20000222	16255.17
20000223	16376.79
20000224	17058.66
20000225	17200.98
20000228	16984.44
20000229	17169.44
20000301	16843.59
20000302	16936.81
20000303	17285.24
20000306	17758.76
20000307	17865.36
20000308	17951.43
20000309	17637.03
20000310	17831.86
20000313	17096.68
20000314	16929.16
20000315	16747.2
20000316	16359
20000317	17082.99
20000320	17234.46
20000321	17199.98
20000322	17547.04
20000323	17715.58
20000324	17784.57
20000327	18292.86
20000328	18301.69
20000329	18096.37
20000330	17467.15
20000331	17406.54
20000403	16892.93
20000405	16318.44
20000406	16491.39
20000407	16941.68
20000410	16850.74
20000411	16487.66
20000412	16577.09
20000413	16352.56
20000414	16142.76
20000417	14762.37
20000418	15278.32
20000419	15427.2
20000420	15367.14
20000425	15380.01
20000426	15227.39
20000427	15192.87
20000428	15519.3
20000502	15817.76
20000503	15577.47
20000504	15314.07
20000505	15268.64
20000508	14901
20000509	14776.9
20000510	14492.92
20000512	15111.94
20000515	14881.3
20000516	15160.29
20000517	14827.81
20000518	14322.6
20000519	14478.26
20000522	14140.73
20000523	14257.18
20000524	13933.98
20000525	13921.06
20000526	13722.7
20000529	13975.07
20000530	13990.9
20000531	14713.86
20000601	14941.19
20000602	15284.1
20000605	15861.68
20000607	15900.06
20000608	15876.93
20000609	16120.26
20000612	16055.05
20000613	15692.94
20000614	15857.07
20000615	16080.34
20000616	16434.38
20000619	16267.47
20000620	16086.74
20000621	16238.14
20000622	15952.36
20000623	15738.08
20000626	15978.91
20000627	16155.77
20000628	16438.42
20000629	16286.8
20000630	16155.78
20000703	16124.97
20000704	16235.76
20000705	16474.27
20000706	16489.59
20000707	16829.96
20000710	17238.67
20000711	17359.66
20000712	17552.26
20000713	17449.5
20000714	17586.16
20000717	17834.78
20000718	17440.83
20000719	17710.07
20000720	17758.51
20000721	17920.86
20000724	17659.69
20000725	17375.34
20000726	17620.23
20000727	17450.09
20000728	17183.93
20000731	16840.98
20000801	16897.45
20000802	17277.39
20000803	17274.28
20000804	17425.7
20000807	17727.25
20000808	17211.84
20000809	17181.99
20000810	17333.21
20000811	17214.42
20000814	16998.06
20000815	17463.53
20000816	17734.15
20000817	17622.01
20000818	17440
20000821	17501.48
20000822	17668.28
20000823	17427.4
20000824	17439.7
20000825	17236.74
20000828	17019.76
20000829	17240.11
20000830	17095.88
20000831	17097.51
20000901	17333.61
20000904	17726.17
20000905	17595.22
20000906	17605.23
20000907	17431.95
20000908	17275.45
20000911	17007.98
20000912	16629.78
20000914	16395.43
20000915	16249.53
20000918	15560.16
20000919	15677.2
20000920	15665.62
20000921	15164.45
20000922	14612.88
20000925	15428.95
20000926	15290.85
20000927	15444.13
20000928	15415.75
20000929	15648.98
20001003	15725.96
20001004	15878.89
20001005	16184.68
20001009	15693.5
20001010	15554.11
20001011	15127
20001012	15074.8
20001013	14680.5
20001016	14973.4
20001017	14873.43
20001018	14458.52
20001019	14422.52
20001020	15044.53
20001023	15102.36
20001024	14925.93
20001025	15061.14
20001026	14996.24
20001027	14902.46
20001030	14799.9
20001031	14895.34
20001101	15349.01
20001102	15291.54
20001103	15594.12
20001106	15671.15
20001107	15820.79
20001108	15654.13
20001109	15504.8
20001110	15389.39
20001113	14815.69
20001114	15177.52
20001115	15127.4
20001116	15298.35
20001117	15180.85
20001120	15346.66
20001121	15188.3
20001122	14772.51
20001123	14563.51
20001124	14376.9
20001127	14602.76
20001128	14566.22
20001129	14169.06
20001130	13984.39
20001201	14441.43
20001204	14559.24
20001205	14573.21
20001206	15098.95
20001207	15011.52
20001208	15189.33
20001211	15408.54
20001212	15329.6
20001213	15621.73
20001214	15496.99
20001215	14975.53
20001218	15024.53
20001219	15188.04
20001220	14930.72
20001221	14659.32
20001222	14738.21
20001227	14748.36
20001228	14796.55
20001229	15095.53
20010102	14869.94
20010103	14589.58
20010104	15235.03
20010105	15447.61
20010108	15436.53
20010109	15500.59
20010110	15435.79
20010111	15090.77
20010112	15295.42
20010115	15293.76
20010116	15363.15
20010117	15261.48
20010118	15528.75
20010119	15933.55
20010122	16099.27
20010123	16044.21
20010129	16099.82
20010130	15893.07
20010131	16102.35
20010201	16163.99
20010202	16071.29
20010205	15830.84
20010206	15913.24
20010207	16049.47
20010208	15909.4
20010209	15873.28
20010212	15693.11
20010213	15842.72
20010214	15860.42
20010215	15756.37
20010216	15630.31
20010219	15490.96
20010220	15527.36
20010221	15351.51
20010222	15098.64
20010223	15280.56
20010226	15230.22
20010227	14834.73
20010228	14787.87
20010301	14360.56
20010302	13966.43
20010305	14135.26
20010306	14321.05
20010307	14177.36
20010308	14208.95
20010309	14194.35
20010312	13776.72
20010313	13493.03
20010314	13330.84
20010315	13504.17
20010316	13522.04
20010319	13457.69
20010320	13223.86
20010321	13154.44
20010322	12621.85
20010323	12583.36
20010326	12950.49
20010327	12707.9
20010328	12851.41
20010329	12677.89
20010330	12760.64
20010402	12727.3
20010403	12584.22
20010404	12063.71
20010406	12386.61
20010409	12202.1
20010410	12213.67
20010411	12706.43
20010412	12989.47
20010417	12606.45
20010418	12972.8
20010419	13548.95
20010420	13448.13
20010423	13311.5
20010424	13274.61
20010425	13249.55
20010426	13293.11
20010427	13386.04
20010502	13814.24
20010503	13718.14
20010504	13390.99
20010507	13600.78
20010508	13540.81
20010509	13585.14
20010510	13604.8
20010511	13636.61
20010514	13259.17
20010515	13250.09
20010516	13335.95
20010517	13637.87
20010518	13459.18
20010521	13721.27
20010522	13877.95
20010523	13839.1
20010524	13810.6
20010525	13753.99
20010528	13739.07
20010529	13629.61
20010530	13420.13
20010531	13174.41
20010601	13141.38
20010604	13207.49
20010605	13451.87
20010606	13576.01
20010607	13703.43
20010608	13808.89
20010611	13675.49
20010612	13526.68
20010613	13523.31
20010614	13248.89
20010615	13102.5
20010618	12948.78
20010619	13133.66
20010620	12918.71
20010621	13187.45
20010622	13174.02
20010626	12961.97
20010627	13004.21
20010628	12827.82
20010629	13042.53
20010703	13184.75
20010704	13207.53
20010705	12999.48
20010709	12690.68
20010710	12713.9
20010711	12527.9
20010712	12660.2
20010713	12612.79
20010716	12624.53
20010717	12495.25
20010718	12427.19
20010719	12279.82
20010720	12301.68
20010723	12236.45
20010724	12214.1
20010726	12039.82
20010727	12182.17
20010730	12086.66
20010731	12316.69
20010801	12478.74
20010802	12466.37
20010803	12269.08
20010806	12148.81
20010807	12007.19
20010808	11958.01
20010809	11716.77
20010810	11765.81
20010813	11694.29
20010814	11991.01
20010815	12141.63
20010816	11832.44
20010817	11754.81
20010820	11458.7
20010821	11440.35
20010822	11188.57
20010823	11345.38
20010824	11110.3
20010827	11234.72
20010828	11300.53
20010829	11242.41
20010830	11315.63
20010831	11090.48
20010903	10902.64
20010904	11136.86
20010905	10943.14
20010906	10664.32
20010907	10384.2
20010910	10366.32
20010911	10417.36
20010912	9493.62
20010913	9569.21
20010914	9655.45
20010917	9319.35
20010918	9307.9
20010919	9558.15
20010920	9317.98
20010921	8934.2
20010924	9284.5
20010925	9210.06
20010926	9371.75
20010927	9600.79
20010928	9950.7
20011003	9897.14
20011004	10286.39
20011005	10277.38
20011008	9967.83
20011009	10358.93
20011010	10298.24
20011011	10522.61
20011012	10274.13
20011015	10130.59
20011016	10148.49
20011017	10260.81
20011018	9880.61
20011019	9825.84
20011022	9797.54
20011023	10219.84
20011024	10243.46
20011025	10243.46
20011026	10404.74
20011029	10178.09
20011030	10076.43
20011031	10073.97
20011101	10158.85
20011102	10186.06
20011105	10430.72
20011106	10356.05
20011107	10269.79
20011108	10538.62
20011109	10609.25
20011112	10592.45
20011113	10662.84
20011114	10950.04
20011115	11239.39
20011116	11287.37
20011119	11360.26
20011120	11225.79
20011121	11173.92
20011122	11253.3
20011123	11322.36
20011126	11391.96
20011127	11261.54
20011128	11066.19
20011129	11090.74
20011130	11279.25
20011203	11155.15
20011204	11427.28
20011205	11678.44
20011206	11745.84
20011207	11832.18
20011210	11784.92
20011211	11693.05
20011212	11847.06
20011213	11529.54
20011214	11466.11
20011217	11465.78
20011218	11486.93
20011219	11565.23
20011220	11601.14
20011221	11158.1
20011224	11209.78
20011227	11359.5
20011228	11431.59
20011231	11397.21
20020102	11350.85
20020103	11423.52
20020104	11702.15
20020107	11892.64
20020108	11713.71
20020109	11440.72
20020110	11256.07
20020111	11166.46
20020114	11209.43
20020115	11013.59
20020116	10964.09
20020117	11013.84
20020118	10972.96
20020121	11000.25
20020122	10797.69
20020123	10762.14
20020124	10741.46
20020125	10772.96
20020128	10767.46
20020129	11014.24
20020130	10756.96
20020131	10725.3
20020201	10691.25
20020204	10721.32
20020205	10609.19
20020206	10592.39
20020207	10409.68
20020208	10518.99
20020211	10832.74
20020215	10961.88
20020218	11002.81
20020219	10840.49
20020220	10749.06
20020221	10788.9
20020222	10664.94
20020225	10496.02
20020226	10547.13
20020227	10648.71
20020228	10482.55
20020301	10425.31
20020304	10704.12
20020305	10985.84
20020306	11003
20020307	11188.07
20020308	11233.23
20020311	11318.87
20020312	11273.86
20020313	11217.5
20020314	11303.7
20020315	11210.25
20020318	11230.64
20020319	11222.83
20020320	11036.6
20020321	10829.73
20020322	10863.07
20020325	10836.64
20020326	10786.92
20020327	10987.88
20020328	11032.92
20020402	10878.04
20020403	10833.96
20020404	10831.37
20020408	10723.68
20020409	10733.69
20020410	10643.14
20020411	10744.91
20020412	10710.48
20020415	10727.98
20020416	10788.53
20020417	11090.58
20020418	11217.15
20020419	11252.18
20020422	11139.42
20020423	11345.18
20020424	11396.57
20020425	11409.29
20020426	11385.08
20020429	11361.49
20020430	11497.58
20020502	11780.11
20020503	11797.22
20020506	11736.2
20020507	11795.98
20020508	11768.31
20020509	11700.76
20020510	11645.9
20020513	11733.43
20020514	11690.31
20020515	11838.36
20020516	11832.77
20020517	11974.61
20020521	11753.29
20020522	11795.2
20020523	11624.75
20020524	11626.78
20020527	11564.73
20020528	11581.58
20020529	11430.66
20020530	11380.61
20020531	11301.94
20020603	11359.8
20020604	11312.55
20020605	11402.38
20020606	11380.77
20020607	11284.71
20020610	11288.84
20020611	11215.02
20020612	11147.97
20020613	11119.33
20020614	10955.52
20020617	10832.26
20020618	10852.04
20020619	10673.11
20020620	10754.41
20020621	10591.86
20020624	10657.34
20020625	10608.98
20020626	10355.92
20020627	10518.09
20020628	10598.55
20020702	10491.76
20020703	10579.19
20020704	10765.58
20020705	10806.16
20020708	10803.45
20020709	10843.15
20020710	10787.54
20020711	10558.81
20020712	10648.3
20020715	10581.66
20020716	10421.49
20020717	10335.12
20020718	10452.55
20020719	10325.46
20020722	10110.25
20020723	10313.89
20020724	9971.99
20020725	9884.78
20020726	9773.12
20020729	9975.99
20020730	10155.25
20020731	10267.36
20020801	10180.02
20020802	9991.72
20020805	9862.33
20020806	9700.69
20020807	9977.74
20020808	9962.24
20020809	10014.06
20020812	9959.92
20020813	10100.06
20020814	9961.35
20020815	10219.71
20020816	10265.04
20020819	10246.96
20020820	10408.01
20020821	10402.26
20020822	10424
20020823	10245.69
20020826	10226.33
20020827	10185.52
20020828	10130.25
20020829	10061.15
20020830	10043.87
20020902	9896.98
20020903	9790.68
20020904	9820.33
20020905	9726.03
20020906	9720.86
20020909	9723.67
20020910	9885.77
20020911	9882.35
20020912	9896.33
20020913	9650.97
20020916	9505.13
20020917	9707.25
20020918	9474.07
20020919	9427.79
20020920	9328.22
20020923	9314.87
20020924	9197.68
20020925	9124.91
20020926	9270.71
20020927	9294.46
20020930	9072.21
20021002	9109.35
20021003	8984.32
20021004	9051.37
20021007	8931.4
20021008	8977.41
20021009	8977.35
20021010	8858.69
20021011	8965.73
20021015	9336.39
20021016	9459.14
20021017	9576.15
20021018	9613.07
20021021	9570.36
20021022	9548.94
20021023	9804.65
20021024	9787.49
20021025	9722.54
20021028	9853.74
20021029	9634.67
20021030	9560.46
20021031	9441.25
20021101	9407.68
20021104	9720.83
20021105	9655.36
20021106	9773.98
20021107	9844.38
20021108	9770.68
20021111	9580.88
20021112	9613.84
20021113	9616.62
20021114	9740.84
20021115	9865.65
20021118	9920.09
20021119	9965.03
20021120	9971.15
20021121	10003.54
20021122	10065.32
20021125	10100.77
20021126	9995.52
20021127	9944.59
20021128	10147.84
20021129	10069.87
20021202	10205.16
20021203	10227.01
20021204	9995.73
20021205	10009.88
20021206	9973.75
20021209	9868.48
20021210	9857.99
20021211	9784.57
20021212	9813.78
20021213	9728.43
20021216	9656.46
20021217	9715.74
20021218	9548.65
20021219	9557.86
20021220	9628.69
20021223	9570.93
20021224	9561.63
20021227	9445.26
20021230	9272.33
20021231	9321.29
20030102	9365.52
20030103	9583.85
20030106	9665.96
20030107	9652.4
20030108	9688.21
20030109	9675.41
20030110	9721.5
20030113	9834.08
20030114	9796.31
20030115	9873.49
20030116	9743.23
20030117	9614.59
20030120	9552.02
20030121	9568.47
20030122	9560.29
20030123	9584.7
20030124	9460.6
20030127	9298.67
20030128	9325.6
20030129	9240.79
20030130	9258.95
20030204	9252.71
20030205	9180.47
20030206	9126.15
20030207	9150.95
20030210	9232.14
20030211	9194.91
20030212	9314.9
20030213	9173.43
20030214	9201.76
20030217	9383.68
20030218	9397.05
20030219	9427.63
20030220	9390.48
20030221	9250.86
20030224	9239.47
20030225	9148.48
20030226	9116.28
20030227	9134.24
20030228	9122.66
20030303	9268.77
20030304	9181.89
20030305	9109.18
20030306	8962.26
20030307	8907.1
20030310	8861.87
20030311	8859.93
20030312	8874.99
20030313	8787.45
20030314	8956.17
20030317	8804.16
20030318	9041.51
20030319	9158.59
20030320	9194.56
20030321	9179.19
20030324	9108.45
20030325	9062.15
20030326	9047.09
20030327	8872.32
20030328	8863.36
20030331	8634.45
20030401	8596.89
20030402	8706.19
20030403	8648.16
20030404	8822.45
20030407	8962.21
20030408	8806.66
20030409	8636.85
20030410	8625.72
20030411	8645.65
20030414	8533.55
20030415	8632.1
20030416	8675.14
20030417	8579.14
20030422	8571.91
20030423	8519.6
20030424	8442.11
20030425	8409.01
20030428	8435.04
20030429	8744.22
20030430	8717.22
20030502	8808.18
20030505	8916.49
20030506	8889.22
20030507	8901.05
20030509	9084.16
20030512	9155.57
20030513	9119.04
20030514	9103.69
20030515	9126.07
20030516	9093.18
20030519	9087.37
20030520	9050.4
20030521	9059.8
20030522	9131.49
20030523	9303.73
20030526	9492.71
20030527	9420.81
20030528	9510.62
20030529	9508.55
20030530	9487.38
20030602	9637.53
20030603	9662.82
20030605	9639.01
20030606	9694.63
20030609	9733.51
20030610	9703.72
20030611	9662.06
20030612	9736.84
20030613	9855.64
20030616	9862.28
20030617	10030.37
20030618	9970.3
20030619	9980.11
20030620	9930.31
20030623	9734.29
20030624	9629.35
20030625	9628.99
20030626	9606.11
20030627	9657.21
20030630	9577.12
20030702	9602.62
20030703	9646.1
20030704	9636.81
20030707	9892.4
20030708	9992.87
20030709	10027.41
20030710	9983.31
20030711	9911.5
20030714	10122.4
20030715	10135.55
20030716	10207.17
20030717	10096.72
20030718	10140.84
20030721	10102.86
20030722	10008.71
20030723	9900.56
20030724	9923.14
20030725	9939.2
20030728	10134.88
20030729	10198.6
20030730	10121.22
20030731	10134.83
20030801	10248.6
20030804	10183.14
20030805	10177.38
20030806	9987.54
20030807	9958.05
20030808	9945.22
20030811	10093.54
20030812	10184.17
20030813	10301.47
20030814	10374.02
20030815	10424.56
20030818	10525.04
20030819	10509.29
20030820	10475.33
20030821	10643.63
20030822	10760.73
20030825	10764.22
20030826	10753.93
20030827	10678.55
20030828	10760.12
20030829	10908.99
20030901	10903.4
20030902	10939.94
20030903	11102.36
20030904	11138.62
20030905	11170.61
20030908	11165.28
20030909	11046.82
20030910	10810.31
20030911	10883.52
20030915	10992.73
20030916	11071.38
20030917	11140.05
20030918	11069.22
20030919	10968.42
20030922	10873.27
20030923	10944.36
20030924	11295.89
20030925	11286.52
20030926	11290.15
20030929	11141.28
20030930	11229.87
20031002	11546.12
20031003	11608.72
20031006	11734.48
20031007	11723.92
20031008	11720.8
20031009	11800.37
20031010	11935.83
20031013	11961.97
20031014	11856.02
20031015	12056.18
20031016	12027.57
20031017	12044.49
20031020	12147.89
20031021	12250.69
20031022	12238.63
20031023	11737.18
20031024	11736.37
20031027	11749.72
20031028	12091.88
20031029	12130.51
20031030	12143.35
20031031	12190.1
20031103	12386.81
20031104	12440.72
20031105	12438.92
20031106	12150.09
20031107	12215.17
20031110	12156.68
20031111	12003.62
20031112	11971.48
20031113	12227.57
20031114	12203.53
20031117	11997.02
20031118	12027.26
20031119	11872.99
20031120	11845.41
20031121	11839.8
20031124	11848.56
20031125	12008.07
20031126	12086.67
20031127	12075.99
20031128	12317.47
20031201	12456.99
20031202	12412.23
20031203	12361.18
20031204	12342.65
20031205	12314.73
20031208	12177.44
20031209	12393.64
20031210	12398.38
20031211	12554.58
20031212	12594.42
20031215	12520.17
20031216	12260.33
20031217	12193.12
20031218	12240.25
20031219	12371.75
20031222	12487.99
20031223	12420.51
20031224	12456.7
20031229	12464.29
20031230	12526.74
20031231	12575.94
20040102	12801.48
20040105	13005.33
20040106	13036.32
20040107	13157.68
20040108	13203.59
20040109	13385.8
20040112	13352.22
20040113	13396.65
20040114	13320.88
20040115	13249.81
20040116	13167.76
20040119	13253.31
20040120	13570.43
20040121	13750.58
20040126	13727.27
20040127	13761.88
20040128	13431.78
20040129	13334.01
20040130	13289.37
20040202	12999.98
20040203	13090.01
20040204	13086.73
20040205	13030.94
20040206	13309.6
20040209	13576.68
20040210	13515.66
20040211	13524.76
20040212	13625.13
20040213	13739.8
20040216	13831.53
20040217	13815.44
20040218	13928.38
20040219	13867.22
20040220	13868.37
20040223	13765.07
20040224	13756.41
20040225	13599.47
20040226	13674.64
20040227	13907.03
20040301	13918.65
20040302	13731.35
20040303	13454.09
20040304	13451.56
20040305	13454.76
20040308	13573.54
20040309	13397.25
20040310	13214.2
20040311	13024.06
20040312	12932.23
20040315	12919.41
20040316	12932.62
20040317	12975.72
20040318	12816.19
20040319	12790.58
20040322	12550.91
20040323	12588.36
20040324	12678.13
20040325	12520.21
20040326	12483.24
20040329	12427.34
20040330	12641.39
20040331	12681.67
20040401	12676.25
20040402	12731.76
20040406	12886.97
20040407	12920.05
20040408	12909.37
20040413	13031.81
20040414	12669.86
20040415	12479.26
20040416	12458.38
20040419	12450
20040420	12394.37
20040421	12227.3
20040422	12167.7
20040423	12383.94
20040426	12132.68
20040427	12154.91
20040428	12165.31
20040429	12005.58
20040430	11942.96
20040503	11950.62
20040504	12098.3
20040505	11950.46
20040506	12010.31
20040507	11910.76
20040510	11485.5
20040511	11508.09
20040512	11528.18
20040513	11396.94
20040514	11276.86
20040517	10967.65
20040518	11072.39
20040519	11469.41
20040520	11339.62
20040521	11576.01
20040524	11662.97
20040525	11692.56
20040527	11983.9
20040528	12116.87
20040531	12198.24
20040601	12105.55
20040602	12201.75
20040603	11929.93
20040604	12022.64
20040607	12326.85
20040608	12344.16
20040609	12339.94
20040610	12422.87
20040611	12396.39
20040614	12076.57
20040615	12050.69
20040616	12161.78
20040617	12082.86
20040618	11855.55
20040621	11845.59
20040623	11849.77
20040624	12163.68
20040625	12185.52
20040628	12194.6
20040629	12116.3
20040630	12285.75
20040702	12220.13
20040705	12252.11
20040706	12284.08
20040707	12320.26
20040708	12119.75
20040709	12202.26
20040712	12191.01
20040713	12078.33
20040714	11932.83
20040715	11939.41
20040716	12059.2
20040719	12166.95
20040720	12123.63
20040721	12395.11
20040722	12320.21
20040723	12352.99
20040726	12319.83
20040727	12301.32
20040728	12320.27
20040729	12183.1
20040730	12238.03
20040802	12201.39
20040803	12357.12
20040804	12280.26
20040805	12491.92
20040806	12478.68
20040809	12467.41
20040810	12408.04
20040811	12343.13
20040812	12413.43
20040813	12359.83
20040816	12219.75
20040817	12256.12
20040818	12228.54
20040819	12396.67
20040820	12376.9
20040823	12431.77
20040824	12646.49
20040825	12793.03
20040826	12784.39
20040827	12818.42
20040830	12877.78
20040831	12850.28
20040901	13023.87
20040902	12999.07
20040903	12948.1
20040906	13104.34
20040907	13136.04
20040908	13049.96
20040909	12942.2
20040910	13003.99
20040913	13139.57
20040914	13148.06
20040915	13084.4
20040916	13209.84
20040917	13224.93
20040920	13221.33
20040921	13304.48
20040922	13272.23
20040923	13280.43
20040924	13066.84
20040927	13021.9
20040928	12950.8
20040930	13120.03
20041004	13359.25
20041005	13331.1
20041006	13271.57
20041007	13321.73
20041008	13241.46
20041011	13305.13
20041012	13251.59
20041013	13171.58
20041014	13035.38
20041015	13059.43
20041018	13034.74
20041019	13154.55
20041020	12999.13
20041021	13015.2
20041025	12818.1
20041026	12852.35
20041027	12838.71
20041028	13113.15
20041029	13054.66
20041101	13094.25
20041102	13308.74
20041103	13397.67
20041104	13369.09
20041105	13494.95
20041108	13561.49
20041109	13516.67
20041110	13672.37
20041111	13624.51
20041112	13784.46
20041115	13932.22
20041116	13746.08
20041117	13824.98
20041118	13799.82
20041119	13787.68
20041122	13800.6
20041123	14023.29
20041124	13997.02
20041125	13926.61
20041126	13895.03
20041129	14066.91
20041130	14060.05
20041201	14162.8
20041202	14261.79
20041203	14211.84
20041206	14256.86
20041207	14235.78
20041208	14022.32
20041209	14008.82
20041210	13901.81
20041213	13886.16
20041214	14043.52
20041215	14078.54
20041216	14024.63
20041217	13992.44
20041220	14214.04
20041221	14180.79
20041222	14151.08
20041223	14235.3
20041224	14194.9
20041228	14196.95
20041229	14266.38
20041230	14163.55
20041231	14230.14
20050103	14237.42
20050104	14045.9
20050105	13764.36
20050106	13712.04
20050107	13574.86
20050110	13531.39
20050111	13509.25
20050112	13565.31
20050113	13573.28
20050114	13494.78
20050117	13621.65
20050118	13604.22
20050119	13678.63
20050120	13543.59
20050121	13481.02
20050124	13386.99
20050125	13584.06
20050126	13623.68
20050127	13628.91
20050128	13650.06
20050131	13721.69
20050201	13578.26
20050202	13555.8
20050203	13515.33
20050204	13585.17
20050207	13795
20050208	13845.63
20050214	14017.23
20050215	13995.83
20050216	14015.49
20050217	13967.82
20050218	14087.87
20050221	14111.65
20050222	14090.52
20050223	13957.94
20050224	14060.91
20050225	14157.09
20050228	14195.35
20050301	14061.15
20050302	13850.78
20050303	13892.37
20050304	13730.78
20050307	13771.95
20050308	13881.71
20050309	13941.47
20050310	13856.02
20050311	13890.93
20050314	13906.85
20050315	13816.75
20050316	13832.52
20050317	13817.99
20050318	13828.37
20050321	13834.35
20050322	13776.47
20050323	13603.61
20050324	13597.1
20050329	13411.88
20050330	13425.75
20050331	13516.88
20050401	13491.35
20050404	13513.41
20050406	13562.26
20050407	13602.35
20050408	13666.72
20050411	13659.93
20050412	13658.05
20050413	13799.62
20050414	13772.4
20050415	13638.75
20050418	13355.23
20050419	13444.09
20050420	13501.63
20050421	13597.31
20050422	13693.55
20050425	13750.23
20050426	13859.58
20050427	13839.64
20050428	13909.42
20050429	13908.97
20050503	13893.98
20050504	13945.05
20050505	14061.7
20050506	14033.96
20050509	14085.09
20050510	14018.38
20050511	13939.8
20050512	13968.28
20050513	13866.81
20050517	13667.03
20050518	13627.01
20050519	13698.93
20050520	13717.42
20050523	13699.13
20050524	13719.32
20050525	13562.06
20050526	13569.99
20050527	13714.78
20050530	13845.1
20050531	13867.07
20050601	13873.07
20050602	13814.58
20050603	13818.45
20050606	13860.55
20050607	13837.29
20050608	13898.55
20050609	13898.31
20050610	13934.76
20050613	13952.02
20050614	13904.81
20050615	13914.3
20050616	13833.53
20050617	13912.03
20050620	13945.77
20050621	13979.35
20050622	14161.02
20050623	14190.44
20050624	14230.29
20050627	14176.04
20050628	14287.44
20050629	14277.28
20050630	14201.06
20050704	14177.87
20050705	14124.8
20050706	14149.93
20050707	14030.81
20050708	13964.47
20050711	14157.24
20050712	14146.95
20050713	14307.3
20050714	14491.54
20050715	14504.29
20050718	14567
20050719	14567.74
20050720	14602.7
20050721	14620.14
20050722	14786.46
20050725	14794.03
20050726	14769.93
20050727	14801.86
20050728	14813.32
20050729	14880.98
20050801	14978.88
20050802	15137.08
20050803	15118.5
20050804	15111.54
20050805	15051.32
20050808	15108.94
20050809	15047.84
20050810	15346.41
20050811	15445.2
20050812	15450.95
20050815	15466.06
20050816	15443.62
20050817	15449.58
20050818	15148.09
20050819	15038.61
20050822	15218.63
20050823	14973.89
20050824	14873.85
20050825	14889.1
20050826	14982.89
20050829	14836.97
20050830	14922.22
20050831	14903.55
20050901	15143.75
20050902	15221.89
20050905	15227.83
20050906	15160.78
20050907	15224.57
20050908	15166.17
20050909	15165.77
20050912	15199.79
20050913	15070.56
20050914	15086.62
20050915	15041.02
20050916	14983.2
20050920	15241.86
20050921	15223.62
20050922	15179.95
20050923	15143.97
20050926	15274.31
20050927	15189.88
20050928	15221.46
20050929	15431.25
20050930	15428.52
20051003	15394.39
20051004	15382.21
20051005	15161.03
20051006	14839.3
20051007	14847.79
20051010	14898.77
20051012	14575.02
20051013	14621.83
20051014	14485.88
20051017	14541.35
20051018	14597.4
20051019	14372.76
20051020	14408.94
20051021	14487.85
20051024	14402.35
20051025	14424.88
20051026	14458.14
20051027	14381.06
20051028	14215.83
20051031	14386.37
20051101	14572.26
20051102	14597.48
20051103	14601.59
20051104	14585.79
20051107	14365.79
20051108	14403.2
20051109	14597.55
20051110	14633.33
20051111	14740.6
20051114	14629.49
20051115	14627.41
20051116	14650.54
20051117	14787.98
20051118	14883.32
20051121	14885.57
20051122	14885.65
20051123	15062.35
20051124	15084.39
20051125	15081.47
20051128	15100
20051129	15028.76
20051130	14937.14
20051201	15068.03
20051202	15200.38
20051205	15158.82
20051206	14990.61
20051207	15134.95
20051208	14879.16
20051209	14910.51
20051212	14984.4
20051213	14942.62
20051214	14976.26
20051215	15059.02
20051216	15029.81
20051219	15182.89
20051220	15169.17
20051221	15221.42
20051222	15182.53
20051223	15183.58
20051228	15101.54
20051229	15045.59
20051230	14876.43
20060103	14944.77
20060104	15200.06
20060105	15271.13
20060106	15344.44
20060109	15547.43
20060110	15569.91
20060111	15650.88
20060112	15719.37
20060113	15787.97
20060116	15777.72
20060117	15576.2
20060118	15481.21
20060119	15670.42
20060120	15662.08
20060123	15464.77
20060124	15530.57
20060125	15520.39
20060126	15520.07
20060127	15753.14
20060201	15742.3
20060202	15691.69
20060203	15429.73
20060206	15548.06
20060207	15517.01
20060208	15373.44
20060209	15413.43
20060210	15425.95
20060213	15312.09
20060214	15420.32
20060215	15423.26
20060216	15450.88
20060217	15475.69
20060220	15598.67
20060221	15627.24
20060222	15635.72
20060223	15812.53
20060224	15856.05
20060227	15949.89
20060228	15918.48
20060301	15818.09
20060302	15882.45
20060303	15802
20060306	15811.83
20060307	15602.36
20060308	15493.09
20060309	15510.13
20060310	15445.05
20060313	15542.07
20060314	15519.76
20060315	15720.36
20060316	15729.04
20060317	15801.66
20060320	15929.95
20060321	15922.75
20060322	15642.81
20060323	15771.17
20060324	15716.46
20060327	15815.87
20060328	15856.58
20060329	15745.11
20060330	15880.69
20060331	15805.04
20060403	16063.75
20060404	16100.09
20060405	16100.09
20060406	16411.13
20060407	16471.78
20060410	16521.59
20060411	16475.81
20060412	16310.76
20060413	16429.45
20060418	16637.53
20060419	16830.44
20060420	16944.34
20060421	16912.15
20060424	16705.67
20060425	16577.77
20060426	16672.66
20060427	16742.85
20060428	16661.3
20060502	16868.04
20060503	17026.98
20060504	17013.93
20060508	17301.79
20060509	17133.99
20060510	17080.59
20060511	17140.78
20060512	16901.85
20060515	16494.84
20060516	16393.11
20060517	16615.55
20060518	16266.52
20060519	16313.36
20060522	15805.52
20060523	15864.56
20060524	15822.64
20060525	15696.89
20060526	15895.1
20060529	15963.77
20060530	15857.89
20060601	15645.27
20060602	15912.71
20060605	16016.23
20060606	15973.11
20060607	15816.55
20060608	15450.11
20060609	15628.69
20060612	15621.44
20060613	15234.42
20060614	15247.92
20060615	15435.08
20060616	15842.65
20060619	15768.86
20060620	15608.97
20060621	15659.36
20060622	15826.7
20060623	15808.81
20060626	15804.81
20060627	15774.7
20060628	15742.66
20060629	15865.22
20060630	16267.62
20060703	16326.66
20060704	16368.98
20060705	16267.18
20060706	16440.99
20060707	16459.78
20060710	16603.81
20060711	16490.13
20060712	16522.21
20060713	16305.48
20060714	16135.71
20060717	16064.82
20060718	16043.94
20060719	16097.54
20060720	16472.62
20060721	16464.18
20060724	16480.59
20060725	16583.86
20060726	16617.24
20060727	16916.77
20060728	16955.04
20060731	16971.34
20060801	16911.37
20060802	17032.75
20060803	17048.42
20060804	16887.8
20060807	16953.55
20060808	17048.2
20060809	17346.58
20060810	17222.14
20060811	17249.95
20060814	17290.01
20060815	17274.07
20060816	17451.03
20060817	17373.05
20060818	17330.7
20060821	17007.88
20060822	17149.75
20060823	17088.39
20060824	16883.04
20060825	16955.45
20060828	16922.29
20060829	17083.28
20060830	17284.71
20060831	17392.27
20060901	17423.72
20060904	17513.88
20060905	17438.8
20060906	17258.51
20060907	17096.44
20060908	17145.76
20060911	16948.59
20060912	17075.4
20060913	17210.04
20060914	17183.45
20060915	17237.65
20060918	17387.21
20060919	17346.7
20060920	17512.96
20060921	17619.97
20060922	17600.65
20060925	17546.04
20060926	17308.08
20060927	17521.51
20060928	17530.57
20060929	17543.05
20061002	17543.05
20061003	17606.53
20061004	17629.21
20061005	17907.67
20061006	17903.39
20061009	17675.24
20061010	17823.7
20061011	17862.79
20061012	17873.09
20061013	17988.86
20061016	18010.2
20061017	18014.84
20061018	18048.09
20061019	17986.97
20061020	18113.55
20061023	18089.85
20061024	18153.41
20061025	18157.94
20061026	18353.74
20061027	18297.55
20061030	18297.55
20061031	18324.35
20061101	18453.65
20061102	18714.78
20061103	18749.69
20061106	18936.55
20061107	18939.31
20061108	18811.24
20061109	18952.86
20061110	18891.14
20061113	18868.54
20061114	18878.42
20061115	19093
20061116	19154.07
20061117	19182.71
20061120	18954.63
20061121	19008.3
20061122	19250.79
20061123	19265.32
20061124	19260.3
20061127	19204.01
20061128	18639.53
20061129	18780.93
20061130	18960.48
20061201	18690.82
20061204	18702.73
20061205	18944.19
20061206	19026.36
20061207	18842.99
20061208	18739.99
20061211	18924.66
20061212	18907.17
20061213	18718.19
20061214	18919.4
20061215	19110.65
20061218	19192.91
20061219	18964.55
20061220	19240.12
20061221	19222.84
20061222	19320.52
20061227	19725.73
20061228	20001.91
20061229	19964.72
20070102	20310.18
20070103	20413.39
20070104	20025.58
20070105	20211.28
20070108	20029.66
20070109	19898.08
20070110	19568.34
20070111	19385.37
20070112	19613.41
20070115	20068.56
20070116	20027.95
20070117	20064.57
20070118	20277.51
20070119	20327.72
20070122	20772.22
20070123	20769.7
20070124	20821.05
20070125	20669.83
20070126	20281.13
20070129	20236.68
20070130	20460.46
20070131	20106.42
20070201	20430.16
20070202	20563.68
20070205	20455.62
20070206	20655.2
20070207	20679.69
20070208	20735.05
20070209	20677.66
20070212	20593.41
20070213	20132.25
20070214	20209.91
20070215	20538.42
20070216	20567.91
20070219	20567.91
20070221	20651.42
20070222	20809.23
20070223	20711.65
20070226	20507.95
20070227	20147.87
20070228	19651.51
20070301	19346.6
20070302	19442.01
20070305	18664.88
20070306	19058.56
20070307	18918.64
20070308	19175.17
20070309	19134.88
20070312	19442.42
20070313	19333.14
20070314	18836.93
20070315	18969.44
20070316	18953.5
20070319	19266.74
20070320	19356.9
20070321	19516.41
20070322	19690.25
20070323	19692.64
20070326	19765.85
20070327	19706.79
20070328	19553.87
20070329	19821.78
20070330	19800.93
20070402	19809.7
20070403	20002.7
20070404	20209.71
20070410	20347.87
20070411	20449.43
20070412	20380.21
20070413	20340.97
20070416	20757.53
20070417	20788.61
20070418	20777.09
20070419	20299.71
20070420	20566.59
20070423	20556.57
20070424	20572.8
20070425	20536.78
20070426	20667.29
20070427	20526.5
20070430	20318.98
20070501	20318.98
20070502	20388.49
20070503	20681.58
20070504	20841.08
20070507	20896.64
20070508	20706.35
20070509	20844.78
20070510	20746.27
20070511	20468.21
20070514	20979.24
20070515	20868.15
20070516	20937.26
20070517	20994.61
20070518	20904.84
20070521	20927.75
20070522	20843.92
20070523	20798.97
20070524	20798.97
20070525	20520.66
20070528	20529.76
20070529	20469.59
20070530	20293.76
20070531	20634.47
20070601	20602.87
20070604	20729.59
20070605	20842.15
20070606	20818.61
20070607	20800.16
20070608	20509.15
20070611	20615.49
20070612	20636.39
20070613	20578.75
20070614	20867.26
20070615	21017.05
20070618	21582.89
20070619	21582.89
20070620	21684.67
20070621	21954.67
20070622	21999.91
20070625	21822.35
20070626	21803.57
20070627	21705.56
20070628	21938.22
20070629	21772.73
20070703	22151.14
20070704	22218.55
20070705	22252.99
20070706	22531.74
20070709	22817.43
20070710	22885.84
20070711	22607.02
20070712	22809.02
20070713	23099.29
20070716	22953.94
20070717	23057.3
20070718	22841.92
20070719	23016.2
20070720	23291.9
20070723	23365.56
20070724	23472.88
20070725	23362.18
20070726	23211.69
20070727	22570.41
20070730	22739.9
20070731	23184.94
20070801	22455.36
20070802	22443.25
20070803	22538.44
20070806	21936.73
20070807	21907.99
20070808	22536.67
20070809	22439.36
20070810	21792.71
20070813	21891.1
20070814	22007.32
20070815	21375.72
20070816	20672.39
20070817	20387.13
20070820	21595.63
20070821	21729.35
20070822	22346.88
20070823	22966.97
20070824	22921.89
20070827	23577.73
20070828	23363.76
20070829	23020.6
20070830	23484.54
20070831	23984.14
20070903	23904.09
20070904	23886.07
20070905	24069.17
20070906	24050.4
20070907	23982.61
20070910	23999.7
20070911	23952.24
20070912	24310.14
20070913	24537.02
20070914	24898.11
20070917	24599.34
20070918	24576.85
20070919	25554.64
20070920	25701.13
20070921	25843.78
20070924	26551.94
20070925	26430.29
20070926	26430.29
20070927	27065.15
20070928	27142.47
20071001	27142.47
20071002	28199.75
20071003	27479.94
20071004	26973.98
20071005	27831.52
20071008	27770.29
20071009	28228.04
20071010	28569.33
20071011	29133.02
20071012	28838.37
20071015	29540.78
20071016	28954.55
20071017	29298.71
20071018	29465.05
20071019	29465.05
20071022	28373.63
20071023	29376.86
20071024	29333.53
20071025	29854.49
20071026	30405.22
20071029	31586.9
20071030	31638.22
20071031	31352.58
20071101	31492.88
20071102	30468.34
20071105	28942.32
20071106	29438.13
20071107	29708.93
20071108	28760.22
20071109	28783.41
20071112	27665.73
20071113	27803.35
20071114	29166.01
20071115	28751.21
20071116	27614.43
20071119	27460.17
20071120	27771.21
20071121	26618.19
20071122	26004.92
20071123	26541.09
20071126	27626.62
20071127	27210.21
20071128	27371.24
20071129	28482.54
20071130	28643.61
20071203	28658.42
20071204	28879.59
20071205	29345.45
20071206	29558.92
20071207	28842.47
20071210	28501.1
20071211	29226.84
20071212	28521.06
20071213	27744.45
20071214	27563.64
20071217	26596.58
20071218	26732.87
20071219	27029.26
20071220	27017.09
20071221	27626.92
20071224	28128.8
20071227	27842.93
20071228	27370.6
20071231	27812.65
20080102	27560.52
20080103	26887.28
20080104	27519.69
20080107	27179.49
20080108	27112.9
20080109	27615.85
20080110	27230.86
20080111	26867.01
20080114	26468.13
20080115	25837.78
20080116	24450.85
20080117	25114.98
20080118	25201.87
20080121	23818.86
20080122	21757.63
20080123	24090.17
20080124	23539.27
20080125	25122.37
20080128	24053.61
20080129	24291.8
20080130	23653.69
20080131	23455.74
20080201	24123.58
20080204	25032.08
20080205	24808.7
20080206	23469.46
20080211	22616.11
20080212	22921.67
20080213	23169.55
20080214	24021.68
20080215	24148.43
20080219	24123.17
20080220	23590.58
20080221	23623
20080222	23305.04
20080225	23269.14
20080226	23714.75
20080227	24483.84
20080228	24591.69
20080229	24331.67
20080303	23584.97
20080304	23119.87
20080305	23114.34
20080306	23342.73
20080307	22501.33
20080310	22705.05
20080311	22995.35
20080312	23422.76
20080313	22301.64
20080314	22237.11
20080317	21084.61
20080318	21384.61
20080319	21866.94
20080320	21108.22
20080324	21108.22
20080325	22464.52
20080326	22617.01
20080327	22664.22
20080328	23285.95
20080331	22849.2
20080401	23137.46
20080402	23872.43
20080403	24264.63
20080404	24264.63
20080407	24578.76
20080408	24311.69
20080409	23984.57
20080410	24187.1
20080411	24667.79
20080414	23811.2
20080415	23901.33
20080416	23878.35
20080417	24258.96
20080418	24197.78
20080421	24721.67
20080422	24939.15
20080423	25289.24
20080424	25680.78
20080425	25516.78
20080428	25666.29
20080429	25914.15
20080430	25755.35
20080501	25755.35
20080502	26241.02
20080505	26183.95
20080506	26262.13
20080507	25610.21
20080508	25449.79
20080509	25063.17
20080512	25063.17
20080513	25552.77
20080514	25533.48
20080515	25513.71
20080516	25618.86
20080519	25742.23
20080520	25169.46
20080521	25460.29
20080522	25043.12
20080523	24714.07
20080526	24127.31
20080527	24282.04
20080528	24249.51
20080529	24383.99
20080530	24533.12
20080602	24831.36
20080603	24375.76
20080604	24123.25
20080605	24255.29
20080606	24402.18
20080610	23375.52
20080611	23327.6
20080612	23023.86
20080613	22592.3
20080616	23029.69
20080617	23057.99
20080618	23325.8
20080619	22797.61
20080620	22745.6
20080623	22714.96
20080624	22456.02
20080625	22635.16
20080626	22455.67
20080627	22042.35
20080630	22102.01
20080702	21704.45
20080703	21242.78
20080704	21423.82
20080707	21913.06
20080708	21220.81
20080709	21805.81
20080710	21821.78
20080711	22184.55
20080714	22014.46
20080715	21174.77
20080716	21223.5
20080717	21734.72
20080718	21874.19
20080721	22532.9
20080722	22527.48
20080723	23134.55
20080724	23087.72
20080725	22740.71
20080728	22687.21
20080729	22258
20080730	22690.6
20080731	22731.1
20080801	22862.6
20080804	22514.92
20080805	21949.75
20080807	22104.2
20080808	21885.21
20080811	21859.34
20080812	21640.89
20080813	21293.32
20080814	21392.71
20080815	21160.58
20080818	20930.67
20080819	20484.37
20080820	20931.26
20080821	20392.06
20080822	20392.06
20080825	21104.79
20080826	21056.66
20080827	21464.72
20080828	20972.29
20080829	21261.89
20080901	20906.31
20080902	21042.46
20080903	20585.06
20080904	20389.48
20080905	19933.28
20080908	20794.27
20080909	20491.11
20080910	19999.78
20080911	19388.72
20080912	19352.9
20080916	18300.61
20080917	17637.19
20080918	17632.46
20080919	19327.73
20080922	19632.2
20080923	18872.85
20080924	18961.99
20080925	18934.43
20080926	18682.09
20080929	17880.68
20080930	18016.21
20081002	18211.11
20081003	17682.4
20081006	16803.76
20081007	16803.76
20081008	15431.73
20081009	15943.24
20081010	14796.87
20081013	16312.16
20081014	16832.88
20081015	15998.3
20081016	15230.52
20081017	14554.21
20081020	15323.01
20081021	15041.17
20081022	14266.6
20081023	13760.49
20081024	12618.38
20081027	11015.84
20081028	12596.29
20081029	12702.07
20081030	14329.85
20081031	13968.67
20081103	14344.37
20081104	14384.34
20081105	14840.16
20081106	13790.04
20081107	14243.43
20081110	14744.63
20081111	14040.9
20081112	13939.09
20081113	13221.35
20081114	13542.66
20081117	13529.53
20081118	12915.89
20081119	12815.8
20081120	12298.56
20081121	12659.2
20081124	12457.94
20081125	12878.6
20081126	13369.45
20081127	13552.06
20081128	13888.24
20081201	14108.84
20081202	13405.85
20081203	13588.66
20081204	13509.78
20081205	13846.09
20081208	15044.87
20081209	14753.22
20081210	15577.74
20081211	15613.9
20081212	14758.39
20081215	15046.95
20081216	15130.21
20081217	15460.52
20081218	15497.81
20081219	15127.51
20081222	14622.39
20081223	14220.79
20081224	14184.14
20081226	14184.14
20081229	14328.48
20081230	14235.5
20081231	14387.48
20090102	15042.81
20090105	15563.31
20090106	15509.51
20090107	14987.46
20090108	14415.91
20090109	14377.44
20090112	13971
20090113	13668.05
20090114	13704.61
20090115	13242.96
20090116	13255.51
20090119	13339.99
20090120	12959.77
20090121	12583.63
20090122	12657.99
20090123	12578.6
20090129	13154.43
20090130	13278.21
20090202	12861.49
20090203	12776.89
20090204	13063.89
20090205	13178.9
20090206	13655.04
20090209	13769.06
20090210	13880.64
20090211	13539.21
20090212	13228.3
20090213	13554.67
20090216	13455.88
20090217	12945.4
20090218	13016
20090219	13023.36
20090220	12699.17
20090223	13175.1
20090224	12798.52
20090225	13005.08
20090226	12894.94
20090227	12811.57
20090302	12317.46
20090303	12033.88
20090304	12331.15
20090305	12211.24
20090306	11921.52
20090309	11344.58
20090310	11694.05
20090311	11930.66
20090312	12001.53
20090313	12525.8
20090316	12976.71
20090317	12878.09
20090318	13117.17
20090319	13130.92
20090320	12833.51
20090323	13447.42
20090324	13910.34
20090325	13622.11
20090326	14108.98
20090327	14119.5
20090330	13456.33
20090331	13576.02
20090401	13519.54
20090402	14521.97
20090403	14545.69
20090406	14998.04
20090407	14928.97
20090408	14474.86
20090409	14901.41
20090413	14901.41
20090414	15580.16
20090415	15669.62
20090416	15582.99
20090417	15601.27
20090420	15750.91
20090421	15285.89
20090422	14878.45
20090423	15214.46
20090424	15258.85
20090427	14840.42
20090428	14555.11
20090429	14956.95
20090430	15520.99
20090501	15520.99
20090504	16381.05
20090505	16430.08
20090506	16834.57
20090507	17217.89
20090508	17389.87
20090511	17087.95
20090512	17153.64
20090513	17059.62
20090514	16541.69
20090515	16790.7
20090518	17022.91
20090519	17544.03
20090520	17475.84
20090521	17199.49
20090522	17062.52
20090525	17121.82
20090526	16991.56
20090527	17885.27
20090529	18171
20090601	18888.59
20090602	18389.08
20090603	18576.47
20090604	18502.77
20090605	18679.53
20090608	18253.39
20090609	18058.49
20090610	18785.66
20090611	18791.03
20090612	18889.68
20090615	18498.96
20090616	18165.5
20090617	18084.6
20090618	17776.66
20090619	17920.93
20090622	18059.55
20090623	17538.37
20090624	17892.15
20090625	18275.03
20090626	18600.26
20090629	18528.51
20090630	18378.73
20090702	18178.05
20090703	18203.4
20090706	17979.41
20090707	17862.27
20090708	17721.07
20090709	17790.59
20090710	17708.42
20090713	17254.63
20090714	17885.73
20090715	18258.66
20090716	18361.87
20090717	18805.66
20090720	19502.37
20090721	19501.73
20090722	19248.17
20090723	19817.7
20090724	19982.79
20090727	20251.62
20090728	20624.54
20090729	20135.5
20090730	20234.08
20090731	20573.33
20090803	20807.26
20090804	20796.43
20090805	20494.77
20090806	20899.24
20090807	20375.37
20090810	20929.52
20090811	21074.21
20090812	20435.24
20090813	20861.3
20090814	20893.33
20090817	20137.65
20090818	20306.27
20090819	19954.23
20090820	20328.86
20090821	20199.02
20090824	20535.94
20090825	20435.24
20090826	20456.32
20090827	20242.75
20090828	20098.62
20090831	19724.19
20090901	19872.3
20090902	19522
20090903	19761.68
20090904	20318.62
20090907	20629.31
20090908	21069.81
20090909	20851.04
20090910	21069.56
20090911	21161.42
20090914	20932.2
20090915	20866.37
20090916	21402.92
20090917	21768.51
20090918	21623.45
20090921	21472.85
20090922	21701.14
20090923	21595.52
20090924	21050.73
20090925	21024.4
20090928	20588.41
20090929	21013.17
20090930	20955.25
20091001	20955.25
20091002	20375.49
20091005	20429.07
20091006	20811.53
20091007	21241.59
20091008	21492.9
20091009	21499.44
20091012	21299.35
20091013	21467.36
20091014	21886.48
20091015	21999.08
20091016	21929.9
20091019	22200.46
20091020	22384.96
20091021	22318.11
20091022	22210.52
20091023	22589.73
20091026	22589.73
20091027	22169.59
20091028	21761.58
20091029	21264.99
20091030	21752.87
20091102	21620.19
20091103	21240.06
20091104	21614.77
20091105	21479.08
20091106	21829.72
20091109	22207.55
20091110	22268.16
20091111	22627.21
20091112	22397.57
20091113	22553.63
20091116	22943.98
20091117	22914.15
20091118	22840.33
20091119	22643.16
20091120	22455.84
20091123	22771.39
20091124	22423.14
20091125	22611.8
20091126	22210.41
20091127	21134.5
20091130	21821.5
20091201	22113.15
20091202	22289.57
20091203	22553.87
20091204	22498.15
20091207	22324.96
20091208	22060.52
20091209	21741.76
20091210	21700.04
20091211	21902.11
20091214	22085.75
20091215	21813.92
20091216	21611.74
20091217	21347.63
20091218	21175.88
20091221	20948.1
20091222	21092.04
20091223	21328.74
20091224	21517
20091228	21480.22
20091229	21499.44
20091230	21496.62
20091231	21872.5
20100104	21823.28
20100105	22279.58
20100106	22416.67
20100107	22269.45
20100108	22296.75
20100111	22411.52
20100112	22326.64
20100113	21748.6
20100114	21716.95
20100115	21654.16
20100118	21460.01
20100119	21677.98
20100120	21286.17
20100121	20862.67
20100122	20726.18
20100125	20598.55
20100126	20109.33
20100127	20033.07
20100128	20356.37
20100129	20121.99
20100201	20243.75
20100202	20272.18
20100203	20722.08
20100204	20341.64
20100205	19665.08
20100208	19550.89
20100209	19790.28
20100210	19922.22
20100211	20290.69
20100212	20268.69
20100217	20534.01
20100218	20422.15
20100219	19894.02
20100222	20377.27
20100223	20623
20100224	20467.74
20100225	20399.57
20100226	20608.7
20100301	21056.93
20100302	20906.11
20100303	20876.79
20100304	20575.78
20100305	20787.97
20100308	21196.87
20100309	21207.55
20100310	21208.29
20100311	21228.2
20100312	21209.74
20100315	21079.1
20100316	21022.93
20100317	21384.49
20100318	21330.67
20100319	21370.82
20100322	20933.25
20100323	20987.78
20100324	21008.62
20100325	20778.55
20100326	21053.11
20100329	21237.43
20100330	21374.79
20100331	21239.35
20100401	21537
20100405	21537
20100406	21537
20100407	21928.77
20100408	21867.04
20100409	22208.5
20100412	22138.17
20100413	22103.53
20100414	22121.43
20100415	22157.82
20100416	21865.26
20100419	21405.17
20100420	21623.38
20100421	21510.93
20100422	21454.94
20100423	21244.49
20100426	21587.06
20100427	21261.79
20100428	20949.4
20100429	20778.92
20100430	21108.59
20100503	20811.36
20100504	20763.05
20100505	20327.54
20100506	20133.41
20100507	19920.29
20100510	20426.64
20100511	20146.51
20100512	20212.49
20100513	20422.46
20100514	20145.43
20100517	19715.2
20100518	19944.94
20100519	19578.98
20100520	19545.83
20100524	19667.76
20100525	18985.5
20100526	19196.45
20100527	19431.37
20100528	19766.71
20100531	19765.19
20100601	19496.95
20100602	19471.8
20100603	19786.71
20100604	19780.07
20100607	19378.15
20100608	19487.48
20100609	19621.24
20100610	19632.7
20100611	19872.38
20100614	20051.91
20100615	20062.15
20100617	20138.4
20100618	20286.71
20100621	20912.18
20100622	20819.08
20100623	20856.61
20100624	20733.49
20100625	20690.79
20100628	20726.68
20100629	20248.9
20100630	20128.99
20100701	20128.99
20100702	19905.32
20100705	19842.2
20100706	20084.12
20100707	19857.07
20100708	20050.56
20100709	20378.66
20100712	20467.43
20100713	20431.06
20100714	20560.81
20100715	20255.62
20100716	20250.16
20100719	20090.95
20100720	20264.59
20100721	20487.23
20100722	20589.7
20100723	20815.33
20100726	20839.91
20100727	20973.39
20100728	21091.18
20100729	21093.82
20100730	21029.81
20100802	21412.79
20100803	21457.66
20100804	21549.88
20100805	21551.72
20100806	21678.8
20100809	21801.59
20100810	21473.6
20100811	21294.54
20100812	21105.71
20100813	21071.57
20100816	21112.12
20100817	21137.43
20100818	21022.73
20100819	21072.46
20100820	20981.82
20100823	20889.01
20100824	20658.71
20100825	20634.98
20100826	20612.06
20100827	20597.35
20100830	20737.22
20100831	20536.49
20100901	20623.83
20100902	20868.92
20100903	20971.5
20100906	21355.77
20100907	21401.79
20100908	21088.86
20100909	21167.27
20100910	21257.39
20100913	21658.35
20100914	21696.04
20100915	21725.64
20100916	21691.45
20100917	21970.86
20100920	21977.34
20100921	22002.59
20100922	22047.71
20100924	22119.43
20100927	22340.84
20100928	22109.95
20100929	22378.67
20100930	22358.17
20101004	22618.66
20101005	22639.14
20101006	22880.41
20101007	22884.32
20101008	22944.18
20101011	23207.31
20101012	23121.7
20101013	23457.69
20101014	23852.17
20101015	23757.63
20101018	23469.38
20101019	23763.73
20101020	23556.5
20101021	23649.48
20101022	23517.54
20101025	23627.91
20101026	23601.24
20101027	23164.58
20101028	23210.86
20101029	23096.32
20101101	23652.94
20101102	23671.42
20101103	24144.67
20101104	24535.63
20101105	24876.82
20101108	24964.37
20101109	24710.6
20101110	24500.61
20101111	24700.3
20101112	24222.58
20101115	24027.18
20101116	23693.02
20101117	23214.46
20101118	23637.39
20101119	23605.71
20101122	23524.02
20101123	22896.14
20101124	23023.86
20101125	23054.68
20101126	22877.25
20101129	23166.22
20101130	23007.99
20101201	23249.8
20101202	23448.78
20101203	23320.52
20101206	23237.69
20101207	23428.15
20101208	23092.52
20101209	23171.8
20101210	23162.91
20101213	23317.61
20101214	23431.19
20101215	22975.35
20101216	22668.78
20101217	22714.85
20101220	22639.08
20101221	22993.86
20101222	23045.19
20101223	22902.97
20101224	22833.8
20101227	22833.8
20101228	22621.73
20101229	22969.3
20101230	22999.34
20101231	23035.45
20110103	23436.05
20110104	23668.48
20110105	23757.82
20110106	23786.3
20110107	23686.63
20110110	23527.26
20110111	23760.34
20110112	24125.61
20110113	24238.98
20110114	24283.23
20110117	24156.97
20110118	24153.98
20110119	24419.62
20110120	24003.7
20110121	23876.86
20110124	23801.78
20110125	23788.83
20110126	23843.24
20110127	23779.62
20110128	23617.02
20110131	23447.34
20110201	23482.95
20110202	23908.96
20110207	23553.59
20110208	23484.3
20110209	23164.03
20110210	22708.62
20110211	22828.92
20110214	23121.06
20110215	22899.78
20110216	23156.97
20110217	23301.84
20110218	23595.24
20110221	23485.42
20110222	22990.81
20110223	22906.9
20110224	22601.04
20110225	23012.37
20110228	23338.02
20110301	23396.42
20110302	23048.66
20110303	23122.42
20110304	23408.86
20110307	23313.19
20110308	23711.7
20110309	23810.11
20110310	23614.89
20110311	23249.78
20110314	23345.88
20110315	22678.25
20110316	22700.88
20110317	22284.43
20110318	22300.23
20110321	22685.22
20110322	22857.9
20110323	22825.4
20110324	22915.28
20110325	23158.67
20110328	23068.19
20110329	23060.36
20110330	23451.43
20110331	23527.52
20110401	23801.9
20110404	24150.58
20110405	24150.58
20110406	24285.05
20110407	24281.8
20110408	24396.07
20110411	24303.07
20110412	23976.37
20110413	24135.03
20110414	24014
20110415	24008.07
20110418	23830.31
20110419	23520.62
20110420	23896.1
20110421	24138.31
20110425	24138.31
20110426	24007.38
20110427	23892.84
20110428	23805.63
20110429	23720.81
20110502	23720.81
20110503	23633.25
20110504	23315.24
20110505	23261.61
20110506	23159.14
20110509	23336
20110511	23291.8
20110512	23073.76
20110513	23276.27
20110516	22960.63
20110517	22901.08
20110518	23011.14
20110519	23163.38
20110520	23199.39
20110523	22711.02
20110524	22730.78
20110525	22747.28
20110526	22900.79
20110527	23118.07
20110530	23184.32
20110531	23684.13
20110601	23626.43
20110602	23253.84
20110603	22949.56
20110607	22868.67
20110608	22661.63
20110609	22609.83
20110610	22420.37
20110613	22508.08
20110614	22496
20110615	22343.77
20110616	21953.11
20110617	21695.26
20110620	21599.51
20110621	21850.59
20110622	21859.97
20110623	21759.14
20110624	22171.95
20110627	22041.77
20110628	22061.78
20110629	22061.18
20110630	22398.1
20110704	22770.47
20110705	22747.95
20110706	22517.55
20110707	22530.18
20110708	22726.43
20110711	22347.23
20110712	21663.16
20110713	21926.88
20110714	21940.2
20110715	21875.38
20110718	21804.75
20110719	21902.4
20110720	22003.69
20110721	21987.29
20110722	22444.8
20110725	22293.29
20110726	22572.08
20110727	22541.69
20110728	22570.74
20110729	22440.25
20110801	22663.37
20110802	22421.46
20110803	21992.72
20110804	21884.74
20110805	20946.14
20110808	20490.57
20110809	19330.7
20110810	19783.67
20110811	19595.14
20110812	19620.01
20110815	20260.1
20110816	20212.08
20110817	20289.03
20110818	20016.27
20110819	19399.92
20110822	19486.87
20110823	19875.53
20110824	19466.79
20110825	19752.48
20110826	19582.88
20110829	19865.11
20110830	20204.17
20110831	20534.85
20110901	20585.33
20110902	20212.91
20110905	19616.4
20110906	19710.5
20110907	20048
20110908	19912.82
20110909	19866.63
20110912	19030.54
20110914	19045.44
20110915	19181.5
20110916	19455.31
20110919	18917.95
20110920	19014.8
20110921	18824.17
20110922	17911.95
20110923	17668.83
20110926	17407.8
20110927	18130.55
20110928	18011.06
20110929	18011.06
20110930	17592.41
20111003	16822.15
20111004	16250.27
20111006	17172.28
20111007	17707.01
20111010	17711.06
20111011	18141.59
20111012	18329.46
20111013	18757.81
20111014	18501.79
20111017	18873.99
20111018	18076.46
20111019	18309.22
20111020	17983.1
20111021	18025.72
20111024	18771.82
20111025	18968.2
20111026	19066.54
20111027	19688.7
20111028	20019.24
20111031	19864.87
20111101	19369.96
20111102	19733.71
20111103	19242.5
20111104	19842.79
20111107	19677.89
20111108	19678.47
20111109	20014.43
20111110	18963.89
20111111	19137.17
20111114	19508.18
20111115	19348.44
20111116	18960.9
20111117	18817.47
20111118	18491.23
20111121	18225.85
20111122	18251.59
20111123	17864.43
20111124	17935.1
20111125	17689.48
20111128	18037.81
20111129	18256.2
20111130	17989.35
20111201	19002.26
20111202	19040.39
20111205	19179.69
20111206	18942.23
20111207	19240.58
20111208	19107.81
20111209	18586.23
20111212	18575.66
20111213	18447.17
20111214	18354.43
20111215	18026.84
20111216	18285.39
20111219	18070.21
20111220	18080.2
20111221	18416.45
20111222	18378.23
20111223	18629.17
20111227	18629.17
20111228	18518.67
20111229	18397.92
20111230	18434.39
20120103	18877.41
20120104	18727.31
20120105	18813.41
20120106	18593.06
20120109	18865.72
20120110	19004.28
20120111	19151.94
20120112	19095.38
20120113	19204.42
20120116	19012.2
20120117	19627.75
20120118	19686.92
20120119	19942.95
20120120	20110.37
20120123	20110.37
20120126	20439.14
20120127	20501.67
20120130	20160.41
20120131	20390.49
20120201	20333.37
20120202	20739.45
20120203	20756.98
20120206	20709.94
20120207	20699.19
20120208	21018.46
20120209	21010.01
20120210	20783.86
20120213	20887.4
20120214	20917.83
20120215	21365.23
20120216	21277.28
20120217	21491.62
20120220	21424.79
20120221	21478.72
20120222	21549.28
20120223	21380.99
20120224	21406.86
20120227	21217.86
20120228	21568.73
20120229	21680.08
20120301	21387.96
20120302	21562.26
20120305	21265.31
20120306	20806.25
20120307	20627.78
20120308	20900.73
20120309	21086
20120312	21134.18
20120313	21339.7
20120314	21307.89
20120315	21353.53
20120316	21317.85
20120319	21115.29
20120320	20888.24
20120321	20856.63
20120322	20901.56
20120323	20668.8
20120326	20668.86
20120327	21046.91
20120328	20885.42
20120329	20609.39
20120330	20555.58
20120402	20522.26
20120403	20790.98
20120405	20593
20120410	20356.24
20120411	20140.67
20120412	20327.32
20120413	20701.04
20120416	20610.64
20120417	20562.31
20120418	20780.73
20120419	20995.01
20120420	21010.64
20120423	20624.39
20120424	20677.16
20120425	20646.29
20120426	20809.71
20120427	20741.45
20120430	21094.21
20120502	21309.08
20120503	21249.53
20120504	21086
20120507	20536.65
20120508	20484.75
20120509	20330.64
20120510	20227.28
20120511	19964.63
20120514	19735.04
20120515	19894.31
20120516	19259.83
20120517	19200.93
20120518	18951.85
20120521	18922.32
20120522	19039.15
20120523	18786.19
20120524	18666.4
20120525	18713.41
20120528	18800.99
20120529	19055.46
20120530	18690.22
20120531	18629.52
20120601	18558.34
20120604	18185.59
20120605	18259.03
20120606	18520.53
20120607	18678.29
20120608	18502.34
20120611	18953.63
20120612	18872.56
20120613	19026.52
20120614	18808.4
20120615	19233.94
20120618	19427.81
20120619	19416.67
20120620	19518.85
20120621	19265.07
20120622	18995.13
20120625	18897.45
20120626	18981.84
20120627	19176.95
20120628	19025.27
20120629	19441.46
20120702	19441.46
20120703	19735.53
20120704	19709.75
20120705	19809.13
20120706	19800.64
20120709	19428.09
20120710	19396.36
20120711	19422.1
20120712	19025.11
20120713	19092.63
20120716	19121.34
20120717	19455.33
20120718	19239.88
20120719	19559.05
20120720	19640.8
20120723	19042.58
20120724	18903.2
20120725	18877.33
20120726	18892.79
20120727	19290.98
20120730	19585.4
20120731	19796.81
20120801	19820.38
20120802	19690.2
20120803	19666.18
20120806	19998.72
20120807	20072.55
20120808	20070.25
20120809	20269.47
20120810	20136.12
20120813	20081.36
20120814	20291.68
20120815	20052.29
20120816	19962.95
20120817	20116.07
20120820	20104.27
20120821	20100.09
20120822	19887.78
20120823	20132.24
20120824	19880.03
20120827	19798.67
20120828	19811.8
20120829	19788.51
20120830	19552.91
20120831	19482.57
20120903	19559.21
20120904	19429.91
20120905	19145.07
20120906	19209.3
20120907	19802.16
20120910	19827.17
20120911	19857.88
20120912	20075.39
20120913	20047.63
20120914	20629.78
20120917	20658.11
20120918	20601.93
20120919	20841.91
20120920	20590.92
20120921	20734.94
20120924	20694.7
20120925	20698.68
20120926	20527.73
20120927	20762.29
20120928	20840.38
20121001	20840.38
20121003	20888.28
20121004	20907.95
20121005	21012.38
20121008	20824.56
20121009	20937.28
20121010	20919.6
20121011	20999.05
20121012	21136.43
20121015	21148.25
20121016	21207.07
20121017	21416.64
20121018	21518.71
20121019	21551.76
20121022	21697.55
20121024	21763.78
20121025	21810.23
20121026	21545.57
20121029	21511.05
20121030	21428.58
20121031	21641.82
20121101	21821.87
20121102	22111.33
20121105	22006.4
20121106	21944.43
20121107	22099.85
20121108	21566.91
20121109	21384.38
20121112	21430.3
20121113	21188.65
20121114	21441.99
20121115	21108.93
20121116	21159.01
20121119	21262.06
20121120	21228.28
20121121	21524.36
20121122	21743.2
20121123	21913.98
20121126	21861.81
20121127	21844.03
20121128	21708.98
20121129	21922.89
20121130	22030.39
20121203	21767.85
20121204	21799.97
20121205	22270.91
20121206	22249.81
20121207	22191.17
20121210	22276.72
20121211	22323.94
20121212	22503.35
20121213	22445.58
20121214	22605.98
20121217	22513.61
20121218	22494.73
20121219	22623.37
20121220	22659.78
20121221	22506.29
20121224	22541.18
20121226	22541.18
20121227	22619.78
20121228	22666.59
20121231	22656.92
20130102	23311.98
20130103	23398.6
20130104	23331.09
20130107	23329.75
20130108	23111.19
20130109	23218.47
20130110	23354.31
20130111	23264.07
20130114	23413.26
20130115	23381.51
20130116	23356.99
20130117	23339.76
20130118	23601.78
20130121	23590.91
20130122	23658.99
20130123	23635.1
20130128	23671.88
20130131	23729.53
20130201	23721.84
20130204	23685.01
20130205	23148.53
20130206	23256.93
20130208	23215.16
20130211	23215.16
20130214	23413.25
20130218	23381.94
20130219	23143.91
20130222	22782.44
20130225	22820.08
20130226	22519.69
20130227	22577.01
20130301	22880.22
20130304	22537.81
20130305	22560.5
20130314	22619.18
20130315	22533.11
20130325	22251.15
20130326	22311.08
20130327	22464.82
20130328	22299.63
20130423	21806.61
20130426	22547.71
20130509	23211.48
20130510	23321.22
20130513	22989.81
20130514	22930.28
20130515	23044.24
20130520	23493.03
20130528	22924.25
20130529	22554.93
20130603	22282.19
20130604	22285.52
20130605	22069.24
20130611	21354.66
20130614	20969.14
20130624	19813.98
20130701	20803.29
20130709	20683.01
20130710	20904.56
20130716	21312.38
20130717	21371.87
20130718	21345.22
20130719	21362.42
20130725	21900.96
20130726	21968.95
20130805	22222.01
20130813	22541.13
20130822	21895.4
20130823	21863.51
20130912	22953.72
20130913	22915.28
20130916	23252.41
20130919	23502.51
20130920	23502.51
20130924	23179.04
20130925	23209.63
20131007	22973.95
20131028	22806.58
20131104	23189.62
20131119	23657.81
20131120	23700.86
20131121	23580.29
20131125	23684.45
20131210	23744.19
20131211	23338.24
20131220	22812.18
20131224	23179.55
20140116	22986.41
20140120	22928.95
20140121	23033.12
20140122	23082.25
20140207	21636.85
20140218	22587.72
20140219	22664.52
20140220	22394.08
20140227	22828.18
20140228	22836.96
20140304	22657.63
20140305	22579.78
20140306	22702.97
20140307	22660.49
20140310	22264.93
20140313	21756.08
20140314	21539.49
20140401	22448.54
20140402	22523.94
20140403	22565.08
20140404	22510.08
20140414	23038.8
20140417	22760.24
20140422	22730.68
20140429	22453.89
20140502	22260.67
20140505	21976.33
20140512	22261.61
20140513	22352.38
20140514	22582.77
20140515	22730.86
20140516	22712.91
20140520	22834.68
20140521	22836.52
20140526	22963.18
20140527	22944.3
20140528	23080.03
20140603	23291.04
20140612	23175.02
20140613	23319.17
20140616	23300.67
20140624	22880.64
20140625	22866.7
20140626	23197.83
20140627	23221.52
20140702	23549.62
20140703	23531.44
20140704	23546.36
20140708	23541.38
20140709	23176.07
20140722	23782.11
20140723	23971.87
20140724	24141.5
20140725	24216.01
20140902	24749.02
20140903	25317.95
20140924	23921.61
20140925	23768.13
20140930	22932.98
20141003	23064.56
20141013	23143.38
20141014	23047.97
20141015	23140.05
20141021	23088.58
20141022	23403.97
20141023	23333.18
20141024	23302.2
20141028	23520.36
20141029	23819.87
20141030	23638.1
20141031	23962.2
20141110	23744.7
20141111	23808.28
20141112	23938.18
20141117	23797.08
20141118	23529.17
20141119	23373.31
20141124	23893.14
20141125	23843.91
20141126	24111.98
20141204	23832.56
20141205	24002.64
20141211	23312.54
20141212	23249.2
20141216	22670.5
20141217	22585.84
20141218	22832.21
20141219	23116.63
20150102	23857.82
20150105	23721.32
20150106	23485.41
20150107	23681.26
20150108	23835.53
20150109	23919.95
20150112	24026.46
20150115	24350.91
20150116	24103.52
20150122	24522.63
20150123	24790.3
20150217	24784.88
20150218	24832.08
20150302	24887.44
20150309	24123.05
20150310	23896.98
20150311	23717.97
20150323	24494.51
20150331	24900.89
20150401	25082.75
20150402	25275.64
20150416	27739.7109
20150417	27653.1191
20150420	27036.5
20150430	28133
20150501	28133
20150504	28123.8203
20150507	27289.9707
20150508	27577.3398
20150511	27718.1992
20150512	27407.1797
20150521	27523.7207
20150522	27992.8301
20150526	28249.8594
20150527	28081.2109
20150528	27454.3106
20150616	26566.6992
20150617	26753.7891
20150707	24975.3105
20150708	23516.5605
20150709	24392.7891
20150710	24901.2793
20150714	25120.9102
20150721	25536.4297
20150722	25282.6191
20150730	24497.9805
20150731	24636.2793
20150807	24552.4707
20150820	22757.4707
20150821	22409.6191
20150824	21251.5703
20150825	21404.9609
20150826	21080.3906
20150902	20934.9395
20150908	21259.0391
20150909	22131.3105
20151002	21506.0898
20151013	22600.4609
20151014	22439.9102
20151015	22888.1699
20151019	23075.6094
20151026	23116.25
20151027	23142.7305
20151028	22956.5703
20151029	22819.9395
20151030	22640.0391
20151105	23051.0391
20151106	22867.3301
20151110	22401.6992
20151111	22352.1699
20151112	22888.9199
20151113	22396.1406
20151116	22010.8203
20151119	22500.2207
20151120	22754.7207
20151210	21704.6094
20151214	21309.8496
20151215	21274.3691
20151216	21701.2109
20151217	21872.0605
20151218	21755.5605
20151221	21791.6797
20151224	22138.1309
20151228	21919.6191
20151231	21914.4004
20160105	21188.7207
20160106	20980.8105
20160119	19635.8105
20160120	18886.3008
20160121	18542.1504
20160122	19080.5098
20160125	19340.1406
20160126	18860.8008
20160127	19052.4492
20160218	19363.0801
20160219	19285.5
20160222	19464.0898
20160707	20706.9199
20160708	20564.1699
20160714	21561.0605
20160715	21659.25
20160728	22174.3398
20160729	21891.3691
20160906	23787.6797
20160907	23741.8105
20161206	22675.1504
20170127	23360.7793
20170201	23318.3906
